========= COMPUTE-SANITIZER
d2f_dq2
Joint 0
-0.0000 -0.0000 -0.0000 -0.0000 -0.0000 -0.0000 -0.0000 
-0.0000 0.7325 8.9565 -1.8301 -0.6884 0.0104 0.0000 
-0.0000 8.9565 -6.2381 11.9070 0.0060 0.1728 0.0000 
-0.0000 -1.8301 11.9070 -2.0185 0.0573 0.1596 0.0000 
-0.0000 -0.6884 0.0060 0.0573 -0.0941 0.0763 -0.0000 
-0.0000 0.0104 0.1728 0.1596 0.0763 -0.1109 -0.0000 
-0.0000 0.0000 0.0000 0.0000 -0.0000 -0.0000 0.0000 


Joint 1
-0.0000 -0.0000 -0.0000 -0.0000 -0.0000 -0.0000 -0.0000 
-0.0000 25.6211 0.1590 7.5479 0.1850 0.2101 0.0000 
-0.0000 0.1590 7.4959 2.4937 0.0735 0.1081 0.0000 
-0.0000 7.5479 2.4937 -2.4150 0.2945 -0.0310 -0.0000 
-0.0000 0.1850 0.0735 0.2945 -0.1360 -0.1233 -0.0000 
-0.0000 0.2101 0.1081 -0.0310 -0.1233 -0.2411 0.0000 
-0.0000 0.0000 0.0000 -0.0000 -0.0000 0.0000 -0.0000 


Joint 2
-0.0000 -0.0000 -0.0000 -0.0000 -0.0000 -0.0000 -0.0000 
-0.0000 -10.8222 -1.9210 3.9997 -6.2455 2.8007 0.0000 
-0.0000 -1.9210 -4.8836 -18.7733 0.0239 -0.8771 0.0000 
-0.0000 3.9997 -18.7733 47.1096 -1.1907 0.2264 -0.0000 
-0.0000 -6.2455 0.0239 -1.1907 -1.2197 0.9464 0.0000 
-0.0000 2.8007 -0.8771 0.2264 0.9464 0.6072 -0.0000 
-0.0000 0.0000 0.0000 -0.0000 0.0000 -0.0000 -0.0000 


Joint 3
-0.0000 -0.0000 -0.0000 -0.0000 -0.0000 -0.0000 -0.0000 
-0.0000 24.2101 -1.0119 37.4419 1.6251 -1.2759 0.0000 
-0.0000 -1.0119 26.9492 0.8465 0.6944 0.1532 0.0000 
-0.0000 37.4419 0.8465 -3.9298 0.8991 -0.4944 -0.0000 
-0.0000 1.6251 0.6944 0.8991 -0.8828 -0.8698 -0.0000 
-0.0000 -1.2759 0.1532 -0.4944 -0.8698 -0.4814 0.0000 
-0.0000 0.0000 0.0000 -0.0000 -0.0000 0.0000 -0.0000 


Joint 4
-0.0000 -0.0000 -0.0000 -0.0000 -0.0000 -0.0000 -0.0000 
-0.0000 7.3061 -2.8822 13.7285 25.6099 -13.3798 0.0001 
-0.0000 -2.8822 6.2317 0.9538 -6.9878 -0.8849 -0.0000 
-0.0000 13.7285 0.9538 -47.2252 1.1255 -1.4668 0.0000 
-0.0000 25.6099 -6.9878 1.1255 2.4407 -5.9193 0.0000 
-0.0000 -13.3798 -0.8849 -1.4668 -5.9193 9.7488 0.0000 
-0.0000 0.0001 -0.0000 0.0000 0.0000 0.0000 0.0000 


Joint 5
-0.0000 -0.0000 -0.0000 -0.0000 -0.0000 -0.0000 -0.0000 
-0.0000 -1.7331 0.3789 26.8691 -30.2037 41.8912 -0.0000 
-0.0000 0.3789 -5.3178 32.6436 0.0290 -7.1527 0.0001 
-0.0000 26.8691 32.6436 1.9907 -4.2880 1.9953 -0.0001 
-0.0000 -30.2037 0.0290 -4.2880 -6.0216 0.2025 0.0000 
-0.0000 41.8912 -7.1527 1.9953 0.2025 1.4703 0.0000 
-0.0000 -0.0000 0.0001 -0.0001 0.0000 0.0000 -0.0000 


Joint 6
-0.0000 -0.0000 -0.0000 -0.0000 -0.0000 -0.0000 -0.0000 
-0.0000 -1.0350 -0.1286 -30.5806 -19.3416 23.5727 0.0000 
-0.0000 -0.1286 -2.6075 5.1075 8.4339 0.5230 0.0000 
-0.0000 -30.5806 5.1075 0.2677 0.4970 4.7559 0.0000 
-0.0000 -19.3416 8.4339 0.4970 -2.5991 6.4066 -0.0000 
-0.0000 23.5727 0.5230 4.7559 6.4066 -13.2979 -0.0001 
-0.0000 0.0000 0.0000 0.0000 -0.0000 -0.0001 0.0000 


d2f_dqd2
Joint 0
-0.1200 0.3988 0.0335 -0.1833 0.0033 0.0038 -0.0006 
0.3988 -0.1594 -0.0306 0.0572 0.0033 -0.0045 0.0010 
0.0335 -0.0306 0.0242 -0.2887 0.0061 0.0021 0.0012 
-0.1833 0.0572 -0.2887 -0.0640 -0.0032 0.0047 -0.0010 
0.0033 0.0033 0.0061 -0.0032 0.0066 0.0035 0.0006 
0.0038 -0.0045 0.0021 0.0047 0.0035 0.0013 -0.0011 
-0.0006 0.0010 0.0012 -0.0010 0.0006 -0.0011 0.0000 


Joint 1
0.8595 0.0309 -0.2800 -0.0144 -0.0056 0.0418 -0.0022 
0.0309 1.4032 0.0008 -0.6864 0.0126 -0.0038 -0.0022 
-0.2800 0.0008 0.1587 -0.0745 -0.0146 0.0043 0.0001 
-0.0144 -0.6864 -0.0745 0.6855 -0.0128 0.0057 0.0021 
-0.0056 0.0126 -0.0146 -0.0128 -0.0142 0.0241 -0.0010 
0.0418 -0.0038 0.0043 0.0057 0.0241 0.0329 -0.0024 
-0.0022 -0.0022 0.0001 0.0021 -0.0010 -0.0024 -0.0000 


Joint 2
-0.5810 -1.3420 0.1868 1.4262 -0.0138 -0.0999 -0.0026 
-1.3420 -0.8631 -0.1617 0.4611 -0.0483 -0.0085 -0.0173 
0.1868 -0.1617 -0.0436 1.9681 -0.0456 0.0271 -0.0098 
1.4262 0.4611 1.9681 -0.4059 0.0479 0.0035 0.0172 
-0.0138 -0.0483 -0.0456 0.0479 -0.0444 -0.0279 -0.0096 
-0.0999 -0.0085 0.0271 0.0035 -0.0279 -0.1045 0.0007 
-0.0026 -0.0173 -0.0098 0.0172 -0.0096 0.0007 0.0000 


Joint 3
4.0372 0.0540 -1.1502 0.0206 -0.0115 0.1467 -0.0042 
0.0540 3.9240 -0.0030 -1.3723 0.0166 -0.0519 -0.0066 
-1.1502 -0.0030 -0.5033 -0.1436 0.0019 0.1009 -0.0012 
0.0206 -1.3723 -0.1436 1.3728 -0.0171 0.0581 0.0064 
-0.0115 0.0166 0.0019 -0.0171 -0.0038 0.1521 -0.0032 
0.1467 -0.0519 0.1009 0.0581 0.1521 0.0565 -0.0041 
-0.0042 -0.0066 -0.0012 0.0064 -0.0032 -0.0041 -0.0000 


Joint 4
1.6571 -0.0789 -0.2310 -0.0683 0.0977 -0.3906 0.1167 
-0.0789 1.8984 -0.1826 -0.5962 0.0303 0.5409 0.0285 
-0.2310 -0.1826 -0.0104 -2.0194 0.0063 -0.4877 -0.0711 
-0.0683 -0.5962 -2.0194 0.6060 -0.0257 -0.5556 -0.0224 
0.0977 0.0303 0.0063 -0.0257 0.0541 -0.5713 0.0014 
-0.3906 0.5409 -0.4877 -0.5556 -0.5713 0.0530 0.1493 
0.1167 0.0285 -0.0711 -0.0224 0.0014 0.1493 -0.0000 


Joint 5
-2.7774 0.2094 1.1790 -0.4982 0.3753 -0.1169 -0.0393 
0.2094 -4.2816 -0.6499 2.6501 -0.7331 -0.0120 -0.2366 
1.1790 -0.6499 -0.2966 -0.4678 0.3129 0.0695 -0.1314 
-0.4982 2.6501 -0.4678 -2.6677 0.7481 0.0059 0.2353 
0.3753 -0.7331 0.3129 0.7481 0.4192 -0.0025 -0.1302 
-0.1169 -0.0120 0.0695 0.0059 -0.0025 -0.1456 0.0049 
-0.0393 -0.2366 -0.1314 0.2353 -0.1302 0.0049 0.0000 


Joint 6
-2.4861 0.1463 0.0183 -0.2355 -0.4482 0.5219 -0.0990 
0.1463 -2.1673 -0.2083 0.5270 -0.0788 0.4323 -0.0108 
0.0183 -0.2083 0.3374 0.0523 0.2496 0.8361 0.0695 
-0.2355 0.5270 0.0523 -0.5381 0.0556 -0.4126 0.0056 
-0.4482 -0.0788 0.2496 0.0556 -0.0235 0.9379 0.0065 
0.5219 0.4323 0.8361 -0.4126 0.9379 0.0174 -0.1300 
-0.0990 -0.0108 0.0695 0.0056 0.0065 -0.1300 0.0000 


d2f_dvdq
Joint 0
-0.0000 -1.0511 1.9631 -0.1540 -0.1196 -0.0141 0.0000 
-0.0000 -2.3435 0.3256 -0.0750 -0.0325 0.0073 -0.0000 
-0.0000 0.0044 -0.5997 0.6664 0.0137 0.0168 -0.0000 
-0.0000 0.3201 0.2941 -0.5498 -0.0073 -0.0079 0.0000 
-0.0000 -0.0067 -0.0078 0.0083 -0.0168 0.0042 -0.0000 
-0.0000 -0.0023 0.0285 -0.0253 -0.0075 -0.0120 0.0000 
-0.0000 -0.0014 0.0000 0.0018 -0.0009 0.0018 0.0000 


Joint 1
-0.0000 3.6812 -0.0569 0.9218 0.0550 0.0687 -0.0000 
-0.0000 -0.0070 -0.2032 0.2049 -0.0135 -0.0061 -0.0000 
-0.0000 -0.2460 0.4134 -1.3678 0.0225 -0.0480 0.0000 
-0.0000 0.0898 -0.8716 0.0267 0.0164 0.0115 0.0000 
-0.0000 0.0171 0.0194 0.0559 0.0231 -0.0150 -0.0000 
-0.0000 0.0020 -0.0332 0.0608 0.0016 0.0149 -0.0000 
-0.0000 -0.0006 0.0001 0.0020 -0.0029 -0.0047 -0.0000 


Joint 2
-0.0000 -1.7557 -0.7854 1.8515 -1.0992 0.6094 -0.0000 
-0.0000 1.1943 -0.8231 -1.7284 -0.3156 0.1455 0.0000 
-0.0000 -0.1415 -0.1640 -0.5833 -0.0659 -0.2164 -0.0000 
-0.0000 -2.1446 -0.1955 3.2376 -0.0211 0.0415 -0.0000 
-0.0000 0.0521 -0.0511 -0.0933 -0.2645 0.0371 -0.0000 
-0.0000 -0.0483 0.0444 -0.0245 0.0117 0.1496 -0.0000 
-0.0000 0.0102 -0.0198 -0.0156 -0.0301 0.0171 -0.0000 


Joint 3
-0.0000 4.0447 -1.0654 5.9384 0.3382 -0.1539 -0.0000 
-0.0000 -0.0265 -1.5670 1.6287 -0.0169 -0.0570 -0.0000 
-0.0000 0.4210 0.6858 -3.6984 -0.0033 -0.1338 0.0000 
-0.0000 0.1815 -1.6938 0.0391 0.0470 -0.0216 0.0000 
-0.0000 -0.0044 0.0275 0.1561 0.0129 -0.1045 -0.0000 
-0.0000 -0.0990 -0.1456 0.2583 0.0032 0.0342 -0.0000 
-0.0000 0.0008 -0.0053 0.0032 -0.0144 -0.0252 -0.0000 


Joint 4
-0.0000 2.3736 -0.4137 0.2405 2.8548 -1.9139 0.0000 
-0.0000 -0.3674 -0.2522 2.7335 1.1977 -1.1719 0.0000 
-0.0000 -0.0143 -0.1767 -1.2661 -0.3376 0.1172 0.0000 
-0.0000 2.4879 -0.8364 -2.1968 0.5546 0.4222 -0.0000 
-0.0000 0.0096 -0.0258 0.1744 0.2612 -0.2668 0.0000 
-0.0000 0.5350 0.8646 -0.8813 0.8325 0.1797 -0.0000 
-0.0000 0.1089 -0.0451 0.0216 0.0667 -0.1673 -0.0000 


Joint 5
-0.0000 -3.5629 1.9690 7.3060 -4.8931 7.7471 -0.0001 
-0.0000 0.8885 -0.5579 0.5309 -2.1213 1.5080 0.0000 
-0.0000 0.5752 -1.5382 4.3672 -0.2439 -3.1804 -0.0000 
-0.0000 0.4916 3.4837 -0.8259 0.4763 0.8773 -0.0000 
-0.0000 -0.3214 -1.0966 0.6925 -1.0347 -0.3395 -0.0000 
-0.0000 -0.1068 0.0642 -0.0660 -0.0961 0.1806 -0.0000 
-0.0000 0.1558 -0.2742 -0.1829 -0.3393 0.0934 -0.0000 


Joint 6
-0.0000 -0.1847 0.8883 -4.4368 -2.1593 4.2605 0.0001 
-0.0000 0.4388 0.7705 -1.5054 -0.9922 1.7170 0.0000 
-0.0000 -0.4186 -0.2165 2.4295 0.5954 0.8816 -0.0001 
-0.0000 -0.1059 0.7868 -0.2478 -0.5421 -0.3193 -0.0000 
-0.0000 -0.3887 0.2078 -0.1642 -0.2068 1.6543 -0.0000 
-0.0000 -0.9437 0.2711 1.3531 0.5466 -0.4205 0.0001 
-0.0000 -0.1037 0.0552 -0.0055 -0.0322 0.0730 0.0000 


d2f_dtdq
Joint 0
-0.0000 0.1654 0.1120 -0.6736 -0.0031 -0.0048 -0.0000 
-0.0000 -0.0076 -0.1264 -0.1144 0.0083 -0.0123 -0.0000 
-0.0000 -0.3413 0.0869 0.5506 0.0170 0.0243 -0.0000 
-0.0000 -0.0262 -1.4793 -0.2271 0.0298 -0.0588 -0.0000 
-0.0000 -0.3820 -0.5231 -0.2898 0.0862 0.4878 0.0000 
-0.0000 0.0304 -0.4738 -2.5082 -0.1762 0.0666 -0.0000 
-0.0000 0.1020 0.7343 -0.2730 0.1416 -0.6386 -0.0000 


Joint 1
-0.0000 -0.0076 -0.1264 -0.1144 0.0083 -0.0123 -0.0000 
-0.0000 -0.0001 -0.1198 0.5383 -0.0036 0.0341 -0.0000 
-0.0000 0.0609 2.2035 -0.7116 0.1013 0.0157 -0.0000 
-0.0000 -0.0003 -0.2130 1.5119 0.0101 0.1557 -0.0000 
-0.0000 -0.0037 -3.0238 1.2346 -0.6540 0.5246 -0.0000 
-0.0000 0.0003 0.2388 -0.6128 1.0966 0.8996 -0.0000 
-0.0000 0.0010 0.8097 -0.9280 0.5203 -0.9949 0.0000 


Joint 2
-0.0000 -0.3413 0.0869 0.5506 0.0170 0.0243 -0.0000 
-0.0000 0.0609 2.2035 -0.7116 0.1013 0.0157 -0.0000 
-0.0000 -4.1680 -0.0586 25.4794 -0.2568 -0.3796 -0.0000 
-0.0000 0.2105 0.4229 -1.6284 0.6268 -0.1257 -0.0000 
-0.0000 3.0685 0.1722 -27.6489 -3.5794 -0.2826 0.0000 
-0.0000 -0.2443 0.1330 0.4817 -1.4538 -3.1657 -0.0000 
-0.0000 -0.8194 -0.2153 1.3202 5.0262 0.7140 0.0000 


Joint 3
-0.0000 -0.0262 -1.4793 -0.2271 0.0298 -0.0588 -0.0000 
-0.0000 -0.0003 -0.2130 1.5119 0.0101 0.1557 -0.0000 
-0.0000 0.2105 0.4229 -1.6284 0.6268 -0.1257 -0.0000 
-0.0000 -0.0009 -0.0399 3.9396 0.2007 0.8046 -0.0000 
-0.0000 -0.0128 -0.2977 2.9050 -0.7871 3.4182 -0.0000 
-0.0000 0.0010 0.0167 -0.8016 6.4982 1.6760 0.0000 
-0.0000 0.0034 0.0875 -2.3074 0.2625 -3.9960 0.0000 


Joint 4
-0.0000 -0.3820 -0.5231 -0.2898 0.0862 0.4878 0.0000 
-0.0000 -0.0037 -3.0238 1.2346 -0.6540 0.5246 -0.0000 
-0.0000 3.0685 0.1722 -27.6489 -3.5794 -0.2826 0.0000 
-0.0000 -0.0128 -0.2977 2.9050 -0.7871 3.4182 -0.0000 
-0.0000 -0.1849 -0.2095 28.8588 6.1368 -50.7104 -0.0001 
-0.0000 0.0146 -0.0844 -1.4778 3.1958 -0.1228 0.0001 
-0.0000 0.0494 0.1726 -1.5259 -4.3475 72.8778 -0.0001 


Joint 5
-0.0000 0.0304 -0.4738 -2.5082 -0.1762 0.0666 -0.0000 
-0.0000 0.0003 0.2388 -0.6128 1.0966 0.8996 -0.0000 
-0.0000 -0.2443 0.1330 0.4817 -1.4538 -3.1657 -0.0000 
-0.0000 0.0010 0.0167 -0.8016 6.4982 1.6760 0.0000 
-0.0000 0.0146 -0.0845 -1.4778 3.1958 -0.1228 0.0001 
-0.0000 -0.0012 0.0148 -10.3167 2.0906 -7.9357 -0.0001 
-0.0000 -0.0039 0.0133 -1.1789 -2.3677 2.9807 0.0004 


Joint 6
-0.0000 0.1020 0.7343 -0.2730 0.1416 -0.6386 -0.0000 
-0.0000 0.0010 0.8097 -0.9280 0.5203 -0.9949 0.0000 
-0.0000 -0.8194 -0.2153 1.3202 5.0262 0.7140 0.0000 
-0.0000 0.0034 0.0875 -2.3074 0.2625 -3.9960 0.0000 
-0.0000 0.0494 0.1726 -1.5259 -4.3475 72.8778 -0.0001 
-0.0000 -0.0039 0.0133 -1.1789 -2.3677 2.9807 0.0004 
-0.0000 -0.0132 -0.0772 1.0954 -0.0657 -88.6232 0.0002 


========= RACECHECK SUMMARY: 0 hazards displayed (0 errors, 0 warnings)
